function [ ENEMY ] = enemyGuass
% data format: each row is a Enemy with coordinate x,coordinate y, risk radius r and id
% x,y,r in range(0,1); id is 0 indicats the enemy is obstacle not UAV

ENEMY=[
    0.8750    0.0500    0.0400   0
    0.4250    0.1000    0.0550   0
    0.3000    0.2000    0.0650   0
    0.4350    0.2750    0.0600   0
    0.9250    0.3000    0.0600   0
    0.6000    0.5000    0.0650   0
    0.6750    0.6500    0.0350   0
    0.8500    0.6500    0.0350   0
    0.7500    0.8000    0.0725   0
    0.5500    0.8250    0.0600   0
    ];

end